196.92767669517863
190.86304999349264
189.0643028697576
213.90005156914611
211.18522365057288
201.69390891937311
190.49690417397304
204.22163668481295
171.750349414103
209.4876867197259
191.01222045714414
173.82080085285068
198.99442715050182
209.7110417264136
191.99755486024708
196.53735976694006
195.00360824178722
211.37709157257237
193.84244892554696
204.67917705916747
195.42194434487882
193.27245915307148
192.22910186423377
180.79531618835546
200.54157090764144
202.32691766621238
203.76731372884808
212.5008764559563
174.26252522947848
211.46630051334242
203.97896415570543
207.6475392192233
225.98438496321458
193.6655560940511
203.02557991254227
207.2073083339842
207.07695716213487
215.74524403327973
208.7432049313648
196.3210248377274
195.1536156284744
207.35846612609546
206.12400420247764
201.02942330267632
193.12714208076642
192.1155860316356
192.69390212842924
215.51435686019292
201.57382218534414
199.00534349459252
196.90596313423018
181.09047888867804
203.6519071573142
188.23373208069995
191.20443325993102
206.52442592899223
198.32992298073734
206.1865336896206
197.49825950042018
210.9014068151328
211.67848566723012
206.97241081235498
215.24355425340175
205.50152896244435
205.22266333221435
205.6736910936717
196.75684338976885
200.3537642986969
190.05680004229168
205.2551704599897
204.384459140054
213.83550421102518
193.04696622013742
214.42657475554853
205.45657997484966
198.4253432703929
180.93252919193256
216.12825547331474
191.37971267892368
201.47939126380888
208.18406368944432
203.59286836010745
192.1285092435634
194.90970308337396
208.7047489556893
210.59646085403554
198.65346960192142
208.01301493829382
203.58004877445313
194.03657858436256
195.12283094912075
210.70202899993123
212.45657548463845
188.48869665551965
183.3885506224866
202.67167063559492
195.01717920029344
188.75031353988544
209.4179887839214
202.8949326546925
186.83382598161208
213.1220870179082
193.49277751588446
200.08364296503234
191.6292367302255
201.60829850322867
206.2450837081193
204.66520114022288
192.98890111842732
212.6374781083345
213.77910807707622
200.71312965953317
217.88268705802545
207.95092532457113
203.72932823864508
193.95039423474606
197.8731537729697
198.10632303540652
212.6590433533495
202.34255284199318
199.63823871949245
206.04935453223484
211.7019470971833
212.71207615833083
181.71349880108363
204.58576468450715
189.50171895979005
204.91562957851718
191.0043857370759
211.7481409910711
196.61531625548233
200.65340511829396
196.67996395746513
202.42390182113522
194.24083125712824
210.1457901355404
185.76141012679574
197.24660285907012
202.6539720902316
202.00809773899576
193.57155206356836
210.50151000380123
213.27888097536302
183.02183472832596
194.51827055902922
207.76630842614333
205.46123319567585
215.22293194164536
182.83912611206796
202.13394269789404
202.57650895363992
197.52356216904045
194.91675200174052
208.66306690626112
203.50184049882222
203.17301160463182
190.98011812139953
192.8739113904651
227.7991458444671
212.94184291707168
204.36624038509584
198.55009912962453
214.56115115946693
208.0368723679336
196.2778596956025
189.43186561383175
202.84640555622065
204.67244953170018
194.49647228640185
200.53858189336205
211.65102721947468
209.91894114873318
190.2953065719547
200.79240322478998
198.77012140052724
173.94018383921815
197.13072306258016
204.7170287845546
203.1132438915611
194.35571806522879
183.3547049333817
212.29752790097473
191.92824944787264
195.1257896397326
208.67623829859542
199.9400340718153
196.7357387397417
187.59372892822
199.86650110638885
193.32225523045068
202.614334737878
192.2383799054681
172.78490987149584
211.86490683331144
210.22026466186523
196.6915601100657
199.0568712962625
195.33430987488583
209.70958696743793
198.50795381799873
200.76174448486043
188.7567547032391
200.7332376915253
179.4491718084618
210.73110224993104
215.7592040898478
206.65162704993924
211.5708390505784
212.03726336827296
199.51717580953456
191.70644046455428
196.260984110751
190.5475397682064
206.5451183518811
205.95843468188008
195.89800845639024
210.5702834609367
213.78689248480913
207.02558594190882
220.66514269482235
200.3716775335992
187.8695479971524
197.83104792721852
201.68706489561455
203.9024353723007
199.4316125811559
200.98307413747094
208.37847862874997
210.32707262007617
190.33832425262523
208.11154563812104
198.98077351171514
203.28909774875717
197.68460973604695
199.04307973668105
192.91483899848157
200.84086833997605
186.434265297163
203.08862056643494
170.69828117221292
194.53903345386595
194.7965802501682
193.7027669908653
183.03028908689168
194.67539808943445
213.60283057561955
191.59616340553146
192.91834853462018
180.38099309752235
205.39458729717595
190.79065025558035
184.33085829343713
201.2683160532839
191.72857728944808
206.01228970515655
211.0501860072369
202.70367135633606
193.85585952167887
205.50328156718226
212.95268382836394
213.70121618892992
197.78716100003004
198.7110958470276
211.1937854895385
193.08078618820625
195.7916872016608
202.18452635296717
206.61977265962443
200.22609709512915
187.8954622820718
179.27170881474524
215.29897162823667
208.97729889252778
211.15199940282878
198.02275631599522
191.0434266332918
194.11787544279085
201.07794304204972
187.78196754327047
211.76156695171693
193.1433902808458
200.96292173686405
205.9911712738523
191.62335473652826
193.8925134268548
212.76378424155632
199.82270831234786
193.51699978721723
197.5853282285311
185.61730201922327
197.14877700717773
197.5770439110095
214.04875950056405
188.52531303274537
200.3716378246874
208.58927488761367
184.8133577865067
195.05357681429953
197.49842768230243
198.502846434364
211.69702574189148
202.14627527152476
212.4950218726917
203.58260006658747
196.43890018420893
195.4524999102701
205.22843784521865
184.14405083857451
203.00319199290232
189.55105340156098
195.33070406539824
192.04482582411399
189.06976252518245
198.8979446572632
200.54962741324198
210.66523125335246
194.54702133280955
221.7716444514605
215.35467628746193
204.58944656966585
192.18508224963855
193.63188616153062
192.61567881217945
201.34635743368656
210.541249406203
201.87399083035632
195.75094972832093
207.00631369960985
188.43880804749674
192.02696721542014
201.15442483142414
195.51331628156117
209.37663674358197
175.10496893146174
198.1873379729044
222.91062730359874
199.66409386498705
206.17026330361406
195.34135611247055
204.4546691255644
194.9261388291696
194.3624838885737
194.68769122275705
207.49658154341364
200.65887373373124
223.2227929325152
211.19656588119418
197.64648461547424
201.84595707767613
190.9519448494162
198.82387647164143
201.0629757913261
193.14589925924884
197.00687090804593
188.00841499032936
213.7596291242405
193.099996195921
185.06099068101543
198.21626949146582
178.458457109282
203.77331511088514
195.72901067778292
201.4826897806323
188.71304107008564
180.16149048765868
218.3823785857653
196.77137682819537
196.2159707386514
194.02124242873575
194.7415379698176
199.51824887166032
